1161 182
2919 217
3711 238
4379 215
5567 236
6171 262
7963 252
8959 247
9257 260
10971 268
11945 250
12342 263
13255 276
14695 271
15039 271
16457 266
17647 279
18514 261
19593 274
20830 256
21942 269
22043 269
23529 282
24684 264
25166 264
26623 308
27135 259
28313 259
29257 272
30078 272
31419 285
32415 267
33019 267
34239 311
35655 324
36031 249
37503 306
38075 244
39935 306
40959 288
41641 257
42249 288
43884 270
44025 270
45127 314
46443 283
47329 314
48927 296
49575 296
50815 278
51359 309
52527 340
53483 322
54270 260
55275 260
56095 322
57115 304
58513 273
59903 304
60975 335
61999 317
62745 286
63387 330
64255 299
65511 268
66038 268
67691 312
68187 312
69535 299
70335 312
71310 325
72361 263
73063 294
74791 325
75006 307
76153 307
77031 351
78791 338
79131 307
80225 320
81159 320
82665 320
83503 289
84143 320
85673 302
86175 302
87087 333
88059 333
89119 315
90254 315
91463 333
92999 315
93345 284
94658 315
95081 328
96383 297
97417 297
98971 284
99067 328
100167 341
101537 310
102281 310
103666 248
104617 310
105054 341
106239 354
107065 292
108009 279
109881 310
110087 292
111451 323
112187 323
113511 292
114230 305
115547 349
116551 305
117511 305
118187 336
119017 305
120338 318
121950 336
122815 318
123391 331
124327 287
125383 318
126774 331
127097 287
128251 331
129991 344
130631 331
131103 300
132089 331
133345 313
134783 300
135111 344
136374 313
137195 331
138351 313
139489 313
140073 344
141759 326
142587 375
143007 282
144283 326
145633 295
146599 357
147510 295
148601 326
149582 326
150015 370
151634 295
152306 308
153422 308
154062 352
155401 308
156159 383
157582 339
158433 321
159359 352
160411 370
161895 290
162601 339
163753 321
164521 334
165330 321
166011 352
167177 321
168281 321
169033 334
170031 290
171001 334
172350 303
173321 347
174174 334
175531 272
176118 334
177281 334
178075 347
179375 303
180463 365
181833 316
182926 334
183166 254
184155 316
185087 329
186763 347
187303 329
188075 316
189855 360
190161 329
191559 329
192711 347
193115 329
194987 342
195465 360
196655 298
197942 285
198134 329
199442 329
200334 342
201819 311
202471 342
203074 311
204267 311
205417 355
206847 373
207175 311
208623 311
209223 311
210108 342
211051 355
212478 355
213881 373
214130 293
215177 280
216367 386
217255 324
218337 324
219899 355
220441 324
221353 355
222902 324
223339 324
224374 324
225023 368
226587 368
227047 306
228399 355
229791 306
230631 443
231094 350
232233 337
233191 368
234239 381
235022 306
236374 337
237433 350
238034 306
239039 350
240617 368
241289 275
242443 319
243900 337
244911 275
245630 319
246782 332
247387 350
248654 288
249017 350
250363 332
251257 319
252420 319
253548 332
254911 363
255047 288
256502 332
257001 345
258526 301
259982 345
260847 332
261262 332
262206 301
263103 407
264178 332
265922 332
266689 314
267113 345
268028 270
269083 345
270271 407
271012 283
272748 314
273889 358
274390 332
275239 345
276233 314
277615 389
278311 345
279023 314
280145 345
281401 358
282113 314
283305 358
284783 358
285174 376
286747 314
287339 327
288489 389
289067 345
290727 327
291047 327
292481 340
293198 358
294591 296
295131 358
296391 327
297202 327
298843 371
299164 327
300030 371
301265 296
302719 340
303707 340
304001 340
305035 265
306401 309
307887 309
308071 371
309643 340
310271 371
311291 309
312318 384
313099 340
314089 278
315164 340
316577 353
317378 309
318718 353
319467 322
320822 371
321003 353
322591 309
323199 322
324551 384
325201 340
326110 247
327387 322
328758 291
329151 353
330660 322
331538 291
332022 353
333817 335
334354 322
335009 322
336199 366
337535 366
338065 335
339881 366
340571 304
341671 335
342599 353
343314 335
344687 304
345947 441
346642 348
347278 322
348348 335
349787 366
350203 304
351359 379
352236 335
353065 304
354303 348
355143 379
356150 348
357052 304
358063 379
359967 348
360361 410
361129 348
362343 361
363665 317
364862 317
365185 361
366985 348
367359 286
368310 317
369567 361
370153 392
371081 348
372030 317
373526 348
374606 330
375201 361
376603 423
377739 361
378025 330
379207 361
380233 379
381727 374
382367 361
383118 330
384447 330
385422 348
386230 330
387753 299
388062 330
389191 436
390930 361
391271 330
392135 299
393511 361
394655 405
395263 312
396268 330
397046 330
398457 374
399054 299
400041 374
401151 387
402044 268
403625 343
404942 343
405407 405
406043 361
407177 268
408534 312
409124 312
410011 449
411586 330
412857 343
413694 374
414561 374
415054 312
416423 387
417465 343
418431 343
419503 281
420216 343
421433 325
422102 356
423679 418
424956 356
425503 356
426651 356
427762 374
428260 294
429019 281
430121 312
431899 343
432734 387
433601 343
434919 356
435995 281
436091 325
437247 387
438699 400
439798 356
440859 325
441887 294
442697 356
443977 338
444587 325
445089 338
446678 325
447801 325
448265 369
449479 369
450651 387
451169 307
452777 294
453174 369
454079 338
455561 338
456798 356
457753 338
458281 307
459559 307
460007 307
461262 444
462107 369
463036 325
464415 338
465407 369
466382 369
467739 413
468478 382
469649 338
470044 307
471134 276
472748 338
473086 307
474121 382
475300 320
476068 307
477417 382
478078 351
479931 351
480481 413
481959 382
482239 351
483887 307
484615 320
485887 338
486827 382
487039 382
488127 382
489313 351
490431 320
491081 320
492571 426
493537 395
494774 351
495195 320
496041 320
497308 289
498034 351
499647 395
500271 364
501063 320
502137 426
503777 320
504299 364
505609 364
506977 382
507903 364
508969 377
509822 364
510825 333
511935 470
512507 333
513897 351
514671 364
515239 395
516903 302
517417 333
518921 439
519871 364
520683 333
521241 364
522524 333
523903 302
524681 364
525543 408
526206 408
527039 377
528895 377
529394 333
530943 346
531455 346
532715 377
533387 377
534225 346
535580 302
536319 333
537095 377
538166 346
539922 346
540542 408
541390 364
542521 346
543515 359
544713 315
545607 346
546681 452
547681 377
548780 333
549804 315
550478 346
551593 377
552466 315
553631 346
554143 421
555230 390
556622 346
557089 315
558046 315
559337 284
560295 359
561910 328
562802 359
563318 328
564905 421
565151 328
566609 359
567337 359
568807 359
569566 359
570348 377
571551 359
572591 372
573551 359
574678 328
575865 346
576978 390
577230 390
578134 346
579007 359
580967 266
581454 328
582094 328
583787 434
584007 372
585327 359
586396 359
587841 328
588543 315
589182 297
590262 359
591983 403
592782 328
593023 328
594404 328
595570 328
596415 372
597686 372
598255 341
599305 372
600060 372
601327 403
602530 297
603702 297
604233 372
605438 341
606183 328
607414 341
608111 403
609063 359
610215 341
611455 354
612745 310
613319 310
614059 310
615017 447
616142 372
617767 372
618532 310
619286 341
620542 372
621842 372
622183 310
623643 354
624635 385
625206 354
626331 509
627647 341
628127 279
629255 279
630328 341
631161 310
632161 385
633154 354
634159 310
635519 416
636897 310
637436 354
638255 354
639913 354
640641 416
641644 372
642075 416
643436 279
644681 279
645182 310
646153 323
647849 341
648642 323
649051 385
650402 341
651335 336
652379 354
653739 385
654137 323
655871 385
656761 429
657903 354
658049 398
659698 354
660265 323
661281 323
662831 292
663076 292
664063 367
665215 442
666111 323
667375 367
668708 323
669921 336
670018 323
671023 323
672398 367
673115 336
674145 367
675969 385
676129 336
677865 336
678625 380
679762 367
680095 336
681099 336
682023 305
683947 380
684004 336
685195 354
686985 398
687871 380
688977 292
689131 336
690057 336
691894 442
692895 323
693161 367
694987 367
695593 336
696623 336
697371 318
698111 367
699574 367
700385 367
701607 411
702715 380
703358 349
704623 504
705193 380
706129 305
707995 349
708606 349
709124 336
710286 380
711182 380
712683 411
713575 380
714104 305
715433 305
716126 380
717118 349
718439 336
719897 349
720722 411
721852 367
722335 411
723359 349
724686 362
725831 305
726811 349
727199 318
728859 362
729705 318
730183 380
731704 336
732191 380
733927 349
734043 349
735679 424
736367 318
737371 380
738857 424
739143 424
740306 393
741231 318
742162 349
743531 318
744060 318
745711 349
746431 287
747519 362
748086 318
749227 393
750402 362
751090 331
752300 318
753206 424
754843 318
755478 362
756449 362
757167 331
758409 362
759420 362
760465 380
761855 362
762599 331
763454 375
764734 362
765567 331
766191 331
767903 468
768761 331
769305 393
770844 349
771004 344
772859 393
773247 362
774559 331
775035 437
776124 331
777327 393
778382 437
779742 362
780135 344
781860 362
782535 331
783739 331
784543 313
785691 375
786345 300
787017 362
788315 406
789310 406
790555 375
791279 344
792735 437
793343 375
794092 331
795295 331
796095 468
797183 344
798108 300
799023 375
800081 375
801769 406
802302 388
803372 300
804479 331
805643 375
806759 344
807327 406
808274 331
809884 344
810399 406
811241 287
812086 362
813307 375
814719 313
815273 357
816747 344
817663 344
818943 450
819967 357
820022 450
821522 375
822139 344
823689 375
824347 326
825627 344
826395 313
827503 419
828681 313
829119 375
830447 344
831215 419
832839 388
833609 357
834930 344
835633 313
836862 344
837799 525
838683 344
839547 388
840443 357
841041 313
842881 388
843129 331
844204 357
845223 401
846340 313
847358 419
848923 313
849912 357
850433 357
851006 357
852075 326
853211 357
854191 419
855583 388
856551 375
857313 357
858887 370
859135 313
860327 357
861537 326
862018 326
863798 344
864559 326
865401 388
866011 326
867202 344
868511 357
869467 388
870427 326
871915 432
872182 326
873033 326
874494 388
875681 432
876011 370
877398 401
878654 326
879596 357
880347 326
881707 326
882815 313
883903 370
884100 295
885417 370
886953 445
887975 401
888425 295
889371 370
890178 339
891608 326
892073 295
893356 326
894623 370
895602 326
896530 370
897383 339
898855 370
899070 295
900735 401
901991 401
902591 383
903792 295
904833 383
905554 295
906175 445
907129 326
908319 370
909275 326
910107 476
911929 383
912167 401
913593 357
914971 370
915323 339
916295 339
917161 383
918841 339
919791 432
920071 339
921447 339
922524 445
923239 308
924139 370
925659 339
926649 370
927003 476
928191 383
929081 339
930814 370
931382 308
932764 370
933846 370
934299 414
935478 414
936953 383
937810 352
938143 445
939497 507
940257 383
941145 339
942571 339
943899 352
944491 383
945403 352
946623 383
947049 383
948242 383
949732 352
950943 414
951433 383
952479 414
953279 414
954834 383
955657 339
956156 352
957383 352
958290 321
959862 352
960962 414
961145 352
962631 383
963113 414
964287 352
965595 321
966249 365
967215 308
968095 321
969081 352
970599 458
971247 352
972939 321
973577 383
974078 383
975600 339
976254 383
977003 334
978151 383
979547 334
980905 427
981206 321
982663 383
983161 383
984233 352
985142 427
986855 352
987074 396
988487 321
989547 352
990379 321
991374 321
992895 352
993183 290
994395 365
995967 365
996095 365
997823 440
998969 396
999294 396
